684
2924
7062
7105
4716
9111
6913
1421
9429
2378
4540
9243
544
2898
298
6607
4585
1940
8635
5490
8456
4913
5788
9975
9536
1810
5396
103
7349
438
1916
1105
8690
6767
1869
8552
4652
5591
890
4494
4695
3567
7945
3752
7690
8886
4504
5411
1329
876
4545
3916
3726
6880
2589
1071
673
7623
3758
7011
6770
8221
7584
3703
9545
5208
3814
27
1885
2901
7257
7118
1131
7891
2039
583
2322
8795
5609
8056
2317
2297
5321
9108
9506
8223
3548
4147
5201
50
4824
2331
6215
8353
7613
8888
7211
4902
1644
8514
8746
1150
6957
2775
2801
705
7333
4312
1893
5041
8378
2429
4348
5446
9650
1634
3118
5368
5782
7897
4718
3867
739
2353
5654
5422
1540
9226
1368
9923
8482
5499
6277
1618
6285
6903
3071
855
632
6419
7984
3872
4283
743
5635
8399
1161
8327
5278
2041
2071
3012
9996
3817
6295
7854
3741
6561
9505
7582
6681
1459
1786
8048
6386
6868
6482
1364
3679
2062
8727
5029
2978
4338
7258
3052
3992
4397
8902
4226
9739
5255
6818
3284
6469
9793
7608
4060
7820
1679
1843
6135
4108
1177
4039
4508
8731
9430
4616
9816
9772
8204
5258
4157
4917
1937
3639
5633
8267
1393
4742
691
2323
9297
4600
2641
1720
9115
8092
9348
9060
980
878
4022
4326
4977
3256
566
1010
5332
4179
1650
4108
2601
2387
9912
4520
7658
3798
5065
9493
4477
8367
4273
8399
3131
9118
6122
9481
5872
179
7303
8385
2752
5646
8035
2148
4024
4525
5832
908
1975
6793
4805
2716
515
2213
6130
8855
4786
252
9516
8951
1832
5083
8754
4584
2316
4140
5752
2623
5812
1230
5675
5258
399
2503
7045
3982
8449
1551
9687
2983
509
4451
6109
7029
1408
5332
9200
953
7561
849
1271
4506
9239
4430
4291
8451
5989
572
2628
6623
4495
2676
6725
6817
7805
2086
3597
6953
289
3822
9726
6257
232
5945
4215
2544
5730
8826
1940
454
4841
3379
610
6246
932
1011
4834
1496
2209
3646
2336
3981
2072
8012
1181
5644
2175
2703
6536
6594
4909
5837
2584
9157
2224
2304
1856
2255
7343
9503
7257
8377
4818
7954
8225
4190
1334
6525
8277
3183
2909
925
2425
9708
4266
2527
7310
5370
8395
5106
985
6928
9516
114
2288
7226
2960
7000
89
3056
951
1552
8357
5993
8518
3884
6013
955
6399
4701
882
9241
592
1746
656
6264
7413
5030
755
5371
7198
443
1806
8855
6205
6545
9111
2032
2011
6077
9855
9182
596
8068
5068
2492
9906
7079
8137
2272
7104
4782
4595
4750
4802
4287
1189
4816
6215
8705
8722
1484
5538
7162
4665
7056
8482
8675
1308
1726
9912
2083
9487
1177
7799
8620
9875
9298
5531
8508
4731
8784
3228
4733
3630
5244
780
8614
7790
2614
1732
2289
166
4014
3924
9943
7558
798
4529
8877
8680
7910
3852
2562
7556
216
5716
4296
498
1485
2275
5978
9224
6514
8799
8182
5766
7587
6977
3336
9525
2586
3850
586
671
938
8113
3778
4750
7065
7491
5159
5416
2667
4292
125
8281
9764
1982
3126
3589
4395
9986
9170
3863
7474
9211
7168
3747
6689
1850
1132
7333
1458
9572
9981
1479
2220
5083
4202
5172
9228
484
9100
7975
6214
5286
9252
290
4091
4197
2996
4037
5088
3519
4335
2034
2139
2789
2908
8859
1389
5863
9643
8885
7985
2570
5358
7399
5929
8615
1455
4545
2970
6949
1861
9313
974
5911
4405
3994
6747
8589
6467
2421
33
2245
8819
8012
1465
9032
9769
3571
6322
4515
6564
8703
1413
1522
8550
7136
4047
6975
3095
9489
3236
867
7712
328
9304
2192
7641
4999
8676
6238
6163
4129
2514
5124
1749
6002
1141
8276
1155
4668
2746
1574
5059
442
7934
2126
7927
7877
4647
2840
1328
204
4345
1225
9526
6553
1517
8400
4683
701
8592
7499
5775
5015
1845
9370
6045
5062
3444
4299
2426
6869
2602
8595
9927
9201
1338
1614
7369
2791
2311
2869
3000
5226
8328
7382
6206
7808
1471
4348
6306
3064
8506
3709
7911
1183
9644