20
809880023823305331 906161411045895284 52920
179607841777458347 135710623076561083 43405
796226297187610899 128672686799721962 1444
380332474709142428 727531555075859820 36293
256289567047003499 58595467307711244 20239
990317277240649680 808077247820756898 92754
709688768266365368 212652100843666831 70017
429959882388695526 112502367772918959 20251
87402027865510225 520318492697257549 75231
714495945843917974 403815151049214029 18825
865692999194309526 451459254683685552 26790
861833112674466227 609957242558799440 47193
980952560469075299 942260309353070614 41897
325072617226690610 720696962686352298 83108
459053879873002773 339591154317085050 75129
770679195798362725 175589401678009527 79007
773521671210426198 286510685871687491 84429
979980744581299812 670823010187411252 39081
234517067131512062 623158011478691536 79632
662585424375394062 138572794973338246 83485