734 734 500
16191 79612 51694 4457 14667 29663 90516 52925 21934 88616 25109 12013 3229 82389 83226 49923 84282 24639 52883 35042 23709 3489 13042 42269 34478 65520 5267 17649 74703 38538 98381 7245 34501 50075 11701 49167 96089 18568 18444 18022 23535 43552 46387 26763 25941 29612 93037 26574 54250 45920 61615 94311 65760 91008 52931 16589 56527 74549 34237 47581 13087 48970 71177 47587 99044 99229 13106 11484 17796 31549 45857 41330 75100 92243 84444 17392 21855 93833 43965 92456 56104 21931 86766 38215 12938 56049 54803 85817 30597 5392 49749 60035 54361 20926 23974 69756 20154 37079 81239 54302 84979 27095 11983 76430 19338 12779 93822 57544 6611 54138 49999 79066 76069 53117 17280 89006 9165 72082 91174 56113 93825 40923 16148 48185 78200 40121 17940 98353 93551 15530 52654 94881 42625 80989 71310 78314 93767 65131 35857 16729 19269 2207 95794 95337 71675 13073 694 80839 1506 91868 53304 95331 49142 69451 43515 27341 25923 77807 42045 35825 93336 11051 30705 52312 92039 2014 30625 85805 83497 82833 2533 19117 1392 14678 14453 73066 27750 31498 70257 29255 39717 23560 40937 88858 9362 804 32550 51636 78610 74595 87460 88297 1997 34516 40609 94035 52881 87585 96191 36377 86770 98723 55493 88161 13400 86297 61226 57501 34147 31482 3107 73863 71393 44044 79073 80754 44847 11622 32389 39808 2568 36200 28104 4564 70715 85064 14950 23596 89001 11140 76324 92122 26214 31817 80282 55965 34465 57859 13465 68611 5693 16572 42474 77085 76967 37898 74191 38165 65871 22931 77972 84791 59131 22427 89354 29845 23843 20656 69792 29195 31795 46116 21316 58009 94284 1597 13973 28748 75807 43790 97359 81499 76713 56184 74936 53679 10433 49126 91843 76303 72056 86166 61093 31186 24944 66799 77383 48786 87454 63526 77980 35600 9641 15647 93608 20276 17243 23933 49024 9402 84074 62734 90900 60786 35269 65835 14464 45701 31312 22658 22003 19720 8823 83096 50905 33766 66246 44639 98904 53699 24517 93235 89298 34157 8882 99258 70785 42476 39542 19808 51877 23615 98893 42777 752 34161 24963 15215 79861 72627 54224 1863 92346 79398 1310 59602 13163 67555 20593 28418 37605 45109 21653 43255 95617 30534 58864 66401 73009 98405 86208 24886 38371 85100 84014 39122 19260 25328 70688 15472 14306 24911 17335 6651 4308 18644 66253 33822 2551 86845 62240 40155 48305 244 99761 43921 30777 58624 10322 20137 73380 12881 61374 28102 14333 61739 83575 33592 3419 54262 49064 17724 95524 82750 24375 16183 17745 6979 66357 20295 10175 28596 76802 58479 45191 92914 2399 75967 51538 29072 12455 41269 41953 73829 69371 56285 35567 52945 6228 38985 23559 71643 73061 35434 54392 97435 51617 88489 4413 17973 25135 14587 62920 18288 73065 24462 11202 91815 428 79091 20887 29234 20359 79191 3062 6081 35475 54981 75378 41702 10317 15288 29697 83377 50721 440 97163 18689 88928 1575 53013 14063 32513 32284 32350 21929 56745 59903 30096 57172 38993 50982 2758 75704 30172 5819 81784 81998 77151 73513 40051 3820 88800 69747 3548 39521 70187 711 58209 75466 18637 11222 89528 67502 59857 38230 89430 16602 98132 19525 90125 37125 86858 92882 29180 33381 15053 10963 31730 92203 84476 71781 12374 89627 57879 15922 29147 28065 32984 3708 3531 67972 31281 9410 35473 91137 47639 24903 7738 62123 60779 97863 15599 63989 7096 44778 13721 22148 55740 45451 30703 56567 17231 43076 46194 91461 75349 91692 19526 24684 11751 39408 92656 43031 48817 28128 50520 12808 69382 58257 74930 46513 72471 6880 26853 79567 51657 40573 18066 23748 86023 48768 96667 19605 8196 59212 11066 99896 50903 46943 24580 62654 2702 17235 22036 67870 61714 72555 80677 31096 47164 71958 77608 35986 78837 20812 31904 30493 61384 49970 70593 63759 98737 67259 99715 23284 26470 27132 23180 93724 90426 47759 56377 93127 81345 94765 60997 43058 83671 58025 74153 30834 29983 68112 83172 25171 88923 15075 72016 66659 65044 42608 30417 80133 26218 46483 3416 52687 73615 26595 46410 64040 90705 19139 57167 72049 13903 34515 15107 13925 92539 5611 44759 38873 90075 27930 80396 95349 43004 52411 62007 24400 11370 92423 4532 53939 38906 7947 6625 28872 50894 69386 92911 41598 88524 66429 13647 18778 943 45105 32703 9834 50715 93813 65058 40789 38094 45453 36138 97449 14215 98144 21848 41936 6919 26379 95874 62176 50678 2498 7399 1571 88236 309 59520 93111 83090 73166 11889 384 34622 60943 10217 85337 71107 75275 42477 9200 37079 78614 6648 51294 93110 28496
8
547
491
256
202
348
583
458
314
274
22
386
319
663
561
557
605
115
593
465
377
607
457
171
258
482
433
255
271
62
376
279
579
104
505
47
452
325
505
33
599
497
389
154
427
186
681
298
301
540
733
678
413
457
116
641
175
519
133
446
551
479
695
396
583
467
443
272
28
184
275
597
651
664
18
344
116
669
612
388
446
582
332
95
305
418
3
450
173
106
132
694
585
93
356
435
530
35
707
558
189
248
422
107
148
410
421
264
315
300
622
27
148
191
123
423
579
96
109
19
202
241
713
53
334
306
458
101
341
401
629
501
649
317
608
33
697
295
268
279
565
156
276
683
347
399
372
193
465
481
182
667
692
131
691
263
437
415
364
15
83
259
516
702
547
390
2
480
655
240
729
487
396
272
436
714
641
45
173
373
496
355
276
455
456
233
718
160
649
318
175
702
547
691
640
330
317
612
77
238
118
72
695
515
314
398
465
222
413
638
595
175
229
137
600
685
341
554
81
226
108
256
194
656
183
70
252
500
683
299
709
67
342
670
552
656
304
253
114
717
157
679
129
356
83
729
278
394
520
359
620
628
586
50
520
35
120
39
506
39
308
481
77
620
387
599
543
692
119
657
675
246
603
40
603
656
6
117
286
526
476
172
390
328
222
177
334
312
186
106
352
494
557
399
381
210
264
160
168
383
53
80
630
626
120
469
518
126
586
70
622
328
212
279
627
404
456
227
717
642
303
305
372
126
704
19
306
234
149
445
588
203
525
484
65
615
219
584
8
71
624
630
369
103
145
232
507
601
459
460
509
732
31
118
94
705
137
401
206
257
112
30
430
637
514
495
488
703
345
496
10
206
363
349
309
508
582
82
376
307
543
121
276
544
239
370
516
347
37
692
574
119
722
270
726
472
31
481
441
347
213
421
553
576
36
128
321
618
180
667
162
693
24
438
504
264
44
256
581
52
214
421
171
202
691
134
644
692
615
351
305
94
38
94
641
44
192
228
663
373
161
61
302
185
499
72
419
543
328
236
595
512
627
3
684
554
137
594
513
18
181
54
82
219
149
693
234
341
187
133
684
318
194
253
474
663
325
129
472
624
366
304
372
259
277
323
80
414
183
593
402
365
617
454
554
32
414
24
374
571
